1	5	1.60232
1	91	2.68855
1	114	3.09926
1	126	4.21326
1	128	3.47266
1	131	3.36279
1	134	3.65888
1	148	3.62394
1	156	4.00667
1	157	4.26757
1	166	4.29386
1	170	4.66194
1	171	4.72045
1	182	5.21435
1	183	5.21435
2	39	1.35349
2	100	4.34858
2	111	1.74349
2	142	2.60576
2	165	3.39126
2	175	3.87017
2	177	3.78236
2	181	4.20182
2	186	4.29853
2	187	4.59265
2	189	4.65587
2	195	4.76222
2	196	4.76386
2	197	4.8269
2	198	4.79038
3	9	1.79023
3	20	1.96414
3	32	5.54754
3	34	2.20534
3	81	2.7471
3	97	0.401283
3	121	3.9931
3	147	4.41502
3	158	4.68259
3	160	4.72229
3	163	4.78364
3	169	4.99497
3	172	5.22287
3	178	5.36891
3	179	5.39507
4	45	1.94502
4	48	1.96387
4	50	2.49943
4	66	2.82856
4	122	3.37263
4	135	3.54801
4	139	3.78892
4	140	3.88033
4	150	4.20768
4	159	4.52219
4	164	4.8116
4	167	4.73614
4	170	5.61563
4	174	4.96772
4	176	5.21318
5	1	1.60232
5	9	1.72528
5	59	2.65458
5	60	2.26912
5	100	3.20224
5	119	3.71084
5	132	3.87362
5	147	4.35008
5	155	4.23903
5	158	4.61765
5	169	4.93003
5	172	5.15792
5	173	5.15982
5	178	5.30397
5	179	5.33013
6	52	2.38942
6	69	2.723
6	82	2.78439
6	90	2.93951
6	114	3.54458
6	123	3.52388
6	134	4.1042
6	152	4.2909
6	161	4.56935
6	162	4.93093
6	171	5.16577
6	177	5.46818
6	180	0.332304
6	182	5.65967
6	183	5.65967
7	23	2.7277
7	42	2.70363
7	49	3.10394
7	54	3.14249
7	78	3.46019
7	86	3.47841
7	103	3.92498
7	107	3.82272
7	109	4.06013
7	112	4.08229
7	118	4.29955
7	129	4.34261
7	144	4.56708
7	145	4.56957
7	182	5.7308
8	29	2.84573
8	35	6.4
8	37	3.2409
8	43	2.87417
8	70	3.72483
8	85	3.81746
8	88	3.99049
8	107	4.11525
8	109	4.35266
8	112	4.37482
8	118	4.59208
8	129	4.63514
8	130	1.78927
8	144	4.85961
8	145	4.8621
9	3	1.79023
9	5	1.72528
9	72	2.32739
9	91	5.72267
9	92	2.56878
9	104	2.79125
9	115	3.11442
9	147	4.15003
9	158	4.4176
9	163	4.51865
9	169	4.72998
9	172	4.95788
9	173	4.95978
9	178	5.10392
9	179	5.13008
10	30	1.64601
10	47	1.72259
10	63	2.02418
10	114	3.15141
10	127	3.53113
10	138	5.77671
10	143	3.75897
10	148	3.67609
10	152	3.89773
10	157	4.31972
10	162	4.53776
10	170	4.71409
10	171	4.7726
10	182	5.2665
10	183	5.2665
11	14	0.00228965
11	97	1.21605
11	150	5.92758
11	165	3.08494
11	185	3.80768
11	187	4.28633
11	189	4.34955
11	191	4.37419
11	192	4.25735
11	195	4.45591
11	196	4.45755
11	197	4.52058
11	198	4.48406
11	199	4.45895
11	200	4.53212
12	23	2.7146
12	42	2.69054
12	49	3.09084
12	70	3.4192
12	73	5.75185
12	87	3.41295
12	88	3.68486
12	94	3.51777
12	103	3.91188
12	109	4.04703
12	112	4.06919
12	118	4.28645
12	129	4.32951
12	144	4.55398
12	145	4.55647
13	79	2.05731
13	88	1.48541
13	90	2.53533
13	93	2.4469
13	152	3.88671
13	156	4.0478
13	157	4.3087
13	161	4.16517
13	162	4.52674
13	166	4.335
13	170	4.70307
13	171	4.76158
13	174	4.5285
13	182	5.25549
13	183	5.25549
14	11	0.00228965
14	24	1.89914
14	59	2.62693
14	63	8.28191
14	92	2.74117
14	104	2.96364
14	117	3.70923
14	121	3.9005
14	147	4.32242
14	158	4.58999
14	163	4.69104
14	172	5.13027
14	173	5.13217
14	178	5.27631
14	179	5.30247
15	48	2.22969
15	53	2.43762
15	65	2.89092
15	66	3.09438
15	67	3.12463
15	68	3.06459
15	72	5.91073
15	74	2.82304
15	80	3.06054
15	139	4.05474
15	153	4.7132
15	164	5.07742
15	167	5.00196
15	174	5.23354
15	176	5.479
16	22	3.12615
16	23	3.15487
16	37	3.37554
16	54	3.56966
16	78	3.88736
16	86	3.90557
16	87	3.85322
16	94	3.95803
16	107	4.24989
16	109	4.48729
16	118	4.72672
16	144	4.99425
16	145	4.99674
16	151	0.0624813
16	200	5.70122
17	84	5.68396
17	142	2.04138
17	154	2.26446
17	181	3.63743
17	184	3.62657
17	185	3.54961
17	188	4.02536
17	189	4.09148
17	190	3.92467
17	191	4.11612
17	193	4.0478
17	195	4.19784
17	197	4.26251
17	198	4.22599
17	200	4.27405
18	59	2.08545
18	100	2.63311
18	117	3.16775
18	119	3.1417
18	121	3.35902
18	126	3.15573
18	147	3.78094
18	158	4.04851
18	160	4.08821
18	163	4.14956
18	172	4.58879
18	173	4.59069
18	178	4.73483
18	179	4.76099
18	189	5.91541
19	34	1.44262
19	83	2.10457
19	104	2.29353
19	117	3.03912
19	119	3.01307
19	121	3.23039
19	132	3.17585
19	147	3.6523
19	158	3.91988
19	163	4.02092
19	169	4.23226
19	172	4.46015
19	173	4.46205
19	178	4.6062
19	179	4.63236
20	3	1.96414
20	33	2.08065
20	62	2.32036
20	75	2.50857
20	83	2.77621
20	115	3.28834
20	119	3.68471
20	121	3.90203
20	160	4.63122
20	163	4.69256
20	166	6.29386
20	169	4.90389
20	172	5.13179
20	173	5.13369
20	178	5.27784
20	179	5.304
21	141	2.42335
21	146	2.51223
21	153	3.22282
21	154	2.81175
21	169	3.17421
21	181	4.18473
21	184	4.17387
21	186	4.28144
21	187	4.57556
21	189	4.63878
21	190	4.47197
21	191	4.66342
21	192	4.54658
21	196	4.74677
21	199	4.74818
21	200	4.82135
22	16	3.12615
22	27	3.26854
22	37	3.27151
22	39	3.23724
22	43	2.90477
22	70	3.75544
22	78	3.78333
22	85	3.84807
22	86	3.80155
22	88	4.0211
22	103	4.24812
22	107	4.14586
22	112	4.40542
22	144	4.89022
22	145	4.89271
22	200	6.36257
23	7	2.7277
23	12	2.7146
23	16	3.15487
23	27	3.29725
23	49	3.4558
23	70	3.78415
23	78	3.81205
23	87	3.7779
23	88	4.04981
23	94	3.88272
23	103	4.27683
23	107	4.17457
23	118	4.6514
23	144	4.91893
23	145	4.92142
23	181	6.5031
24	14	1.89914
24	74	2.65491
24	92	2.77029
24	115	3.31593
24	117	3.73835
24	119	3.7123
24	121	3.92962
24	132	3.87509
24	147	4.35154
24	158	4.61911
24	160	4.65881
24	169	4.93149
24	173	5.16129
24	178	5.30543
24	179	5.33159
24	197	3.96743
25	46	2.24524
25	57	2.70706
25	65	2.95553
25	66	3.159
25	67	3.18924
25	68	3.1292
25	96	3.22195
25	108	3.31504
25	135	3.87844
25	140	4.21077
25	150	4.53812
25	164	5.14204
25	167	5.06658
25	173	6.43995
25	174	5.29816
25	176	5.54362
26	44	0.921799
26	61	1.43008
26	110	2.0125
26	119	6.61612
26	133	2.55951
26	146	2.87944
26	154	3.17897
26	181	4.55195
26	187	4.94278
26	190	4.83919
26	191	5.03064
26	192	4.9138
26	194	4.93599
26	195	5.11235
26	196	5.11399
26	197	5.17703
27	22	3.26854
27	23	3.29725
27	29	3.12275
27	37	3.51792
27	42	3.27319
27	86	4.04796
27	87	3.9956
27	88	4.26751
27	94	4.10042
27	112	4.65184
27	118	4.8691
27	129	4.91216
27	144	5.13663
27	145	5.13912
27	175	4.94518
27	188	1.61202
28	41	2.04924
28	68	2.84127
28	71	2.62203
28	84	2.58607
28	108	3.02711
28	122	3.41514
28	139	3.83143
28	145	6.33949
28	150	4.25019
28	151	4.02425
28	153	4.48989
28	159	4.5647
28	164	4.85411
28	167	4.77865
28	174	5.01023
28	176	5.25569
29	8	2.84573
29	27	3.12275
29	39	3.09145
29	49	3.28129
29	70	3.60965
29	78	3.63754
29	85	3.70228
29	88	3.87531
29	94	3.70822
29	107	4.00007
29	109	4.23748
29	118	4.4769
29	129	4.51996
29	144	4.74443
29	145	4.74692
29	167	6.44857
30	10	1.64601
30	37	6.11466
30	52	2.11261
30	77	2.47982
30	124	3.35083
30	127	3.6475
30	128	3.64118
30	134	3.82739
30	143	3.87533
30	152	4.01409
30	161	4.29255
30	162	4.65412
30	166	4.46238
30	170	4.83045
30	182	5.38287
30	183	5.38287
31	44	7.00928
31	72	2.36447
31	99	3.01499
31	104	2.82833
31	106	0.22277
31	119	3.54787
31	126	3.5619
31	132	3.71065
31	158	4.45468
31	160	4.49438
31	163	4.55572
31	169	4.76706
31	172	4.99495
31	173	4.99685
31	178	5.141
31	179	5.16716
32	3	5.54754
32	68	2.89465
32	74	2.6531
32	75	0.757414
32	102	2.89267
32	135	3.64389
32	139	3.8848
32	140	3.97622
32	150	4.30357
32	151	4.07762
32	153	4.54326
32	159	4.61808
32	164	4.90748
32	167	4.83202
32	174	5.0636
32	176	5.30906
33	20	2.08065
33	60	2.45057
33	74	6.28936
33	81	2.86361
33	92	2.95028
33	99	3.35941
33	119	3.89229
33	127	0.276341
33	132	4.05507
33	147	4.53153
33	160	4.8388
33	163	4.90014
33	172	5.33938
33	173	5.34128
33	178	5.48542
33	179	5.51158
34	3	2.20534
34	19	1.44262
34	55	2.73947
34	60	2.48418
34	69	0.113848
34	104	3.20637
34	119	3.92591
34	158	4.83272
34	160	4.87242
34	163	4.93376
34	169	5.14509
34	172	5.37299
34	173	5.37489
34	178	5.51904
34	179	5.5452
34	181	6.51181
35	8	6.4
35	56	1.12716
35	113	1.89222
35	165	3.30218
35	168	3.32192
35	175	3.78109
35	177	3.69329
35	180	3.82766
35	187	4.50358
35	188	4.50067
35	189	4.56679
35	190	4.39998
35	193	4.52311
35	195	4.67315
35	197	4.73782
35	200	4.74937
36	58	2.11019
36	63	2.0583
36	66	6.45074
36	91	2.77482
36	114	3.18552
36	116	3.29872
36	120	3.32955
36	131	3.44905
36	152	3.93184
36	157	4.35384
36	162	4.57187
36	166	4.38013
36	170	4.7482
36	171	4.80672
36	182	5.30062
36	183	5.30062
37	8	3.2409
37	16	3.37554
37	22	3.27151
37	27	3.51792
37	30	6.11466
37	56	1.15143
37	70	4.00483
37	78	4.03272
37	85	4.09746
37	86	4.05093
37	88	4.27049
37	103	4.4975
37	112	4.65481
37	118	4.87207
37	129	4.91513
37	144	5.1396
37	145	5.14209
38	41	2.40519
38	64	2.48333
38	67	3.25727
38	74	2.95568
38	80	3.19318
38	84	2.94202
38	96	3.28997
38	122	3.77109
38	135	3.94647
38	140	4.2788
38	145	6.94877
38	150	4.60615
38	153	4.84584
38	159	4.92066
38	164	5.21006
38	174	5.36618
38	176	5.61164
39	2	1.35349
39	22	3.23724
39	29	3.09145
39	42	3.24189
39	54	3.68075
39	78	3.99845
39	86	4.01666
39	88	4.23622
39	94	4.06912
39	107	4.36097
39	109	4.59838
39	112	4.62054
39	118	4.8378
39	129	4.88087
39	142	5.69347
39	144	5.10533
39	145	5.10782
40	54	6.97388
40	55	2.56484
40	59	2.69502
40	75	2.57515
40	83	2.84279
40	92	2.80927
40	99	3.2184
40	117	3.77733
40	126	3.76531
40	132	3.91406
40	147	4.39052
40	158	4.65809
40	163	4.75913
40	172	5.19836
40	173	5.20027
40	178	5.34441
40	179	5.37057
41	28	2.04924
41	38	2.40519
41	68	3.27153
41	96	3.36427
41	108	3.45736
41	122	3.8454
41	135	4.02077
41	150	4.68045
41	151	4.4545
41	153	4.92014
41	154	4.31542
41	159	4.99496
41	164	5.28436
41	167	5.20891
41	168	2.72039
41	174	5.44048
41	176	5.68595
42	7	2.70363
42	12	2.69054
42	27	3.27319
42	39	3.24189
42	54	3.47028
42	85	3.85272
42	86	3.8062
42	87	3.75384
42	103	4.25277
42	107	4.15051
42	109	4.38792
42	112	4.41008
42	118	4.62734
42	129	4.6704
42	141	6.89637
42	144	4.89487
42	145	4.89736
43	8	2.87417
43	22	2.90477
43	54	3.34829
43	70	3.63809
43	85	3.73072
43	87	3.63184
43	88	3.90375
43	94	3.73666
43	97	7.06037
43	103	4.13077
43	107	4.02851
43	109	4.26592
43	112	4.28808
43	118	4.50534
43	129	4.5484
43	144	4.77287
43	145	4.77536
44	26	0.921799
44	31	7.00928
44	98	1.57235
44	168	3.31277
44	175	3.77194
44	184	4.09273
44	185	4.01576
44	186	4.2003
44	188	4.49152
44	190	4.39083
44	191	4.58228
44	192	4.46544
44	193	4.51395
44	195	4.66399
44	197	4.72867
44	198	4.69215
44	199	4.66704
45	4	1.94502
45	57	2.78767
45	67	3.26985
45	80	3.20577
45	101	7.01251
45	102	3.20783
45	117	0.0139083
45	139	4.19997
45	140	4.29138
45	150	4.61873
45	151	4.39279
45	153	4.85843
45	159	4.93324
45	164	5.22265
45	167	5.14719
45	174	5.37877
45	176	5.62423
46	25	2.24524
46	50	2.88026
46	67	3.23964
46	80	3.17555
46	102	3.17762
46	111	5.98405
46	139	4.16975
46	140	4.26117
46	150	4.58852
46	151	4.36257
46	153	4.82821
46	159	4.90303
46	164	5.19243
46	167	5.11697
46	174	5.34855
46	176	5.59401
46	182	0.893469
47	10	1.72259
47	91	2.93365
47	116	3.45755
47	123	3.32366
47	127	3.72408
47	128	3.71776
47	134	3.90397
47	143	3.95191
47	148	3.86903
47	152	4.09067
47	157	4.51266
47	161	4.36913
47	162	4.7307
47	166	4.53896
47	171	4.96555
47	182	5.45945
47	183	5.45945
47	197	7.75733
48	4	1.96387
48	15	2.22969
48	53	2.6017
48	65	3.055
48	67	3.28871
48	96	3.32141
48	108	3.4145
48	139	4.21882
48	140	4.31024
48	150	4.63759
48	151	4.41164
48	153	4.87728
48	159	4.9521
48	164	5.2415
48	167	5.16604
48	174	5.39762
48	176	5.64308
48	197	7.75733
49	7	3.10394
49	12	3.09084
49	23	3.4558
49	29	3.28129
49	78	4.18829
49	85	4.25303
49	86	4.20651
49	88	4.42606
49	94	4.25897
49	103	4.65308
49	107	4.55082
49	109	4.78823
49	112	4.81039
49	129	5.07071
49	144	5.29518
49	145	5.29767
49	191	2.63162
49	194	5.11705
50	4	2.49943
50	46	2.88026
50	57	3.34209
50	64	3.05034
50	65	3.59056
50	68	3.76423
50	74	3.52268
50	76	0.0229153
50	80	3.76019
50	96	3.85697
50	135	4.51347
50	151	4.9472
50	153	5.41284
50	164	5.77706
50	167	5.70161
50	174	5.93318
50	176	6.17865
50	189	7.81762
51	58	2.5598
51	69	2.81355
51	105	3.25146
51	116	3.74833
51	123	3.61444
51	127	4.01486
51	128	4.00854
51	148	4.15982
51	152	4.38145
51	156	4.54254
51	161	4.65991
51	162	5.02148
51	170	5.19781
51	171	5.25633
51	182	5.75023
51	183	5.75023
51	184	5.04092
51	189	2.83978
52	6	2.38942
52	30	2.11261
52	63	2.49078
52	82	2.85783
52	91	3.2073
52	105	3.23433
52	116	3.73121
52	124	3.70107
52	128	3.99141
52	156	4.52542
52	157	4.78632
52	162	5.00436
52	166	4.81261
52	170	5.18069
52	171	5.2392
52	182	5.7331
52	183	5.7331
52	198	7.63466
53	15	2.43762
53	48	2.6017
53	64	2.72271
53	71	3.21736
53	102	3.43462
53	108	3.62244
53	134	2.59747
53	135	4.18584
53	138	4.95048
53	140	4.51817
53	150	4.84552
53	151	4.61957
53	153	5.08521
53	159	5.16003
53	164	5.44943
53	167	5.37398
53	174	5.60555
53	176	5.85102
54	7	3.14249
54	16	3.56966
54	39	3.68075
54	40	6.97388
54	42	3.47028
54	43	3.34829
54	70	4.19895
54	85	4.29158
54	86	4.24506
54	87	4.1927
54	88	4.46461
54	103	4.69163
54	107	4.58937
54	118	5.0662
54	129	5.10926
54	144	5.33373
54	145	5.33622
54	195	0.69258
55	34	2.73947
55	40	2.56484
55	60	2.86819
55	61	1.86915
55	72	3.12651
55	81	3.28123
55	83	3.40142
55	99	3.77703
55	100	3.80132
55	121	4.52723
55	147	4.94915
55	160	5.25642
55	163	5.31776
55	169	5.5291
55	173	5.75889
55	178	5.90304
55	179	5.9292
55	186	5.96047
56	35	1.12716
56	37	1.15143
56	81	6.26871
56	95	2.30718
56	101	1.92439
56	136	3.03278
56	138	3.26663
56	184	4.7373
56	187	5.13899
56	189	5.20221
56	190	5.0354
56	192	5.11001
56	194	5.1322
56	196	5.3102
56	197	5.37324
56	198	5.33671
56	199	5.31161
56	200	5.38478
57	25	2.70706
57	45	2.78767
57	50	3.34209
57	65	3.46775
57	68	3.64142
57	74	3.39987
57	80	3.63738
57	84	3.38621
57	122	4.21529
57	139	4.63157
57	150	5.05034
57	159	5.36485
57	164	5.65425
57	167	5.5788
57	174	5.81037
57	176	6.05584
57	183	1.42214
57	188	6.2965
58	36	2.11019
58	51	2.5598
58	72	3.03354
58	105	3.31416
58	123	3.67714
58	124	3.78089
58	127	4.07756
58	134	4.25745
58	143	4.30539
58	148	4.22251
58	156	4.60524
58	161	4.72261
58	166	4.89244
58	170	5.26051
58	171	5.31903
58	182	5.81293
58	183	5.81293
58	194	4.77918
59	5	2.65458
59	14	2.62693
59	18	2.08545
59	40	2.69502
59	60	2.99837
59	75	3.26396
59	99	3.90722
59	117	4.46614
59	118	0.000608449
59	125	8.06098
59	126	4.45413
59	132	4.60288
59	163	5.44795
59	169	5.65928
59	172	5.88718
59	173	5.88908
59	178	6.03322
59	179	6.05939
60	5	2.26912
60	33	2.45057
60	34	2.48418
60	55	2.86819
60	59	2.99837
60	77	2.05177
60	121	4.27195
60	126	4.06866
60	147	4.69386
60	149	5.68757
60	158	4.96144
60	160	5.00114
60	163	5.06248
60	169	5.27382
60	172	5.50171
60	173	5.50361
60	178	5.64776
60	179	5.67392
61	26	1.43008
61	55	1.86915
61	107	6.32388
61	138	3.13034
61	155	3.48109
61	165	3.80131
61	175	4.28022
61	180	4.32679
61	181	4.61187
61	184	4.60101
61	185	4.52404
61	186	4.70858
61	187	5.0027
61	188	4.9998
61	193	5.02223
61	194	4.99592
61	195	5.17227
61	198	5.20043
61	200	5.24849
62	20	2.32036
62	75	2.95587
62	81	3.10332
62	83	3.22351
62	100	3.62341
62	104	3.41246
62	117	4.15805
62	120	1.9159
62	121	4.34932
62	126	4.14603
62	155	6.36761
62	158	5.03881
62	160	5.07851
62	163	5.13985
62	169	5.35119
62	172	5.57909
62	173	5.58099
62	178	5.72513
62	179	5.75129
63	10	2.02418
63	14	8.28191
63	36	2.0583
63	52	2.49078
63	90	3.04088
63	114	3.64594
63	116	3.75914
63	120	3.78997
63	134	4.20556
63	143	4.2535
63	152	4.39226
63	156	4.55335
63	157	4.81425
63	161	4.67071
63	166	4.84054
63	170	5.20862
63	171	5.26713
63	182	5.76103
63	183	5.76103
64	38	2.48333
64	50	3.05034
64	53	2.72271
64	65	3.176
64	66	3.37947
64	67	3.40971
64	71	3.13043
64	75	8.18686
64	108	3.53551
64	122	3.92354
64	140	4.43124
64	150	4.75859
64	151	4.53265
64	153	4.99829
64	159	5.0731
64	164	5.36251
64	167	5.28705
64	174	5.51862
64	176	5.76409
65	15	2.89092
65	25	2.95553
65	48	3.055
65	50	3.59056
65	57	3.46775
65	64	3.176
65	66	3.91969
65	71	3.67065
65	122	4.46376
65	135	4.63914
65	136	4.95847
65	139	4.88005
65	150	5.29881
65	151	5.07287
65	153	5.53851
65	159	5.61332
65	164	5.90273
65	174	6.05885
65	176	6.30431
65	182	3.85807
66	4	2.82856
66	15	3.09438
66	25	3.159
66	36	6.45074
66	64	3.37947
66	65	3.91969
66	67	4.1534
66	68	4.09336
66	71	3.87411
66	80	4.08931
66	96	4.1861
66	102	4.09138
66	122	4.66722
66	135	4.8426
66	150	5.50228
66	159	5.81679
66	160	2.44704
66	167	6.03073
66	174	6.26231
66	176	6.50777
67	15	3.12463
67	25	3.18924
67	38	3.25727
67	45	3.26985
67	46	3.23964
67	48	3.28871
67	64	3.40971
67	66	4.1534
67	80	4.11956
67	106	4.85846
67	108	4.30944
67	122	4.69747
67	139	5.11376
67	140	5.20517
67	151	5.30658
67	159	5.84703
67	164	6.13644
67	174	6.29255
67	176	6.53802
67	200	4.08014
68	15	3.06459
68	25	3.1292
68	28	2.84127
68	32	2.89465
68	41	3.27153
68	50	3.76423
68	57	3.64142
68	66	4.09336
68	71	3.84432
68	108	4.2494
68	135	4.8128
68	140	5.14513
68	151	5.24654
68	153	5.71218
68	164	6.0764
68	167	6.00094
68	174	6.23251
68	176	6.47798
68	188	4.21695
68	199	4.85953
69	6	2.723
69	34	0.113848
69	51	2.81355
69	77	3.16363
69	93	3.25809
69	114	3.95159
69	120	4.09562
69	124	4.03465
69	127	4.33131
69	143	4.55914
69	148	4.47627
69	152	4.69791
69	156	4.85899
69	161	4.97636
69	162	5.33794
69	170	5.51426
69	171	5.57278
69	180	8.78534
69	182	6.06668
69	183	6.06668
70	8	3.72483
70	12	3.4192
70	22	3.75544
70	23	3.78415
70	29	3.60965
70	37	4.00483
70	43	3.63809
70	54	4.19895
70	85	4.58139
70	86	4.53486
70	87	4.4825
70	103	4.98143
70	107	4.87917
70	109	5.11658
70	112	5.13874
70	129	5.39906
70	144	5.62353
70	145	5.62602
70	163	1.19578
70	187	7.93158
71	28	2.62203
71	53	3.21736
71	64	3.13043
71	65	3.67065
71	66	3.87411
71	68	3.84432
71	74	3.60277
71	84	3.58911
71	96	3.93706
71	122	4.41819
71	135	4.59356
71	151	5.02729
71	153	5.49293
71	159	5.56775
71	161	3.95099
71	164	5.85715
71	165	4.89449
71	167	5.7817
71	174	6.01327
71	176	6.25874
72	9	2.32739
72	15	5.91073
72	31	2.36447
72	55	3.12651
72	58	3.03354
72	83	3.40446
72	100	3.80436
72	115	3.91658
72	117	4.339
72	121	4.53027
72	126	4.32698
72	132	4.47573
72	147	4.95219
72	158	5.21976
72	160	5.25946
72	163	5.3208
72	169	5.53214
72	172	5.76003
72	178	5.90608
72	179	5.93224
73	12	5.75185
73	138	3.00237
73	142	2.88785
73	155	3.35312
73	159	3.24416
73	175	4.15225
73	177	4.06445
73	180	4.19882
73	181	4.4839
73	184	4.47305
73	187	4.87474
73	189	4.93795
73	191	4.9626
73	192	4.84576
73	194	4.86795
73	195	5.04431
73	197	5.10899
73	198	5.07246
73	199	5.04736
73	200	5.12053
74	15	2.82304
74	24	2.65491
74	32	2.6531
74	33	6.28936
74	38	2.95568
74	50	3.52268
74	57	3.39987
74	71	3.60277
74	102	3.82003
74	108	4.00785
74	122	4.39588
74	135	4.57126
74	140	4.90358
74	151	5.00499
74	153	5.47063
74	159	5.54544
74	164	5.83485
74	167	5.75939
74	174	5.99097
74	176	6.23643
75	20	2.50857
75	32	0.757414
75	40	2.57515
75	59	3.26396
75	62	2.95587
75	64	8.18686
75	81	3.29154
75	83	3.41172
75	115	3.92384
75	119	4.32022
75	121	4.53754
75	147	4.95945
75	158	5.22703
75	160	5.26673
75	163	5.32807
75	169	5.5394
75	172	5.7673
75	173	5.7692
75	178	5.91335
75	179	5.93951
76	50	0.0229153
76	89	2.24064
76	98	2.14532
76	155	3.54577
76	156	8.93071
76	165	3.86599
76	168	3.88573
76	175	4.3449
76	181	4.67656
76	184	4.6657
76	186	4.77327
76	188	5.06448
76	189	5.13061
76	191	5.15525
76	192	5.03841
76	193	5.08692
76	194	5.0606
76	198	5.26511
76	199	5.24001
76	200	5.31318
77	30	2.47982
77	60	2.05177
77	69	3.16363
77	82	3.22503
77	93	3.29172
77	105	3.60154
77	114	3.98522
77	123	3.96452
77	124	4.06828
77	127	4.36494
77	134	4.54483
77	156	4.89262
77	161	5.00999
77	162	5.37157
77	166	5.17982
77	170	5.54789
77	171	5.60641
77	182	6.10031
77	183	6.10031
77	193	6.86422
78	7	3.46019
78	16	3.88736
78	22	3.78333
78	23	3.81205
78	29	3.63754
78	37	4.03272
78	39	3.99845
78	49	4.18829
78	85	4.60928
78	86	4.56275
78	87	4.5104
78	88	4.78231
78	94	4.61522
78	98	3.20782
78	103	5.00933
78	109	5.14447
78	118	5.3839
78	129	5.42696
78	145	5.65392
78	187	5.94208
79	13	2.05731
79	81	3.3547
79	90	3.08503
79	120	3.83412
79	128	4.0635
79	131	3.95362
79	134	4.24971
79	143	4.29765
79	148	4.21477
79	152	4.43641
79	156	4.5975
79	157	4.8584
79	161	4.71487
79	162	5.07644
79	164	5.25499
79	166	4.8847
79	170	5.25277
79	171	5.31128
79	182	5.80519
79	183	5.80519
80	15	3.06054
80	38	3.19318
80	45	3.20577
80	46	3.17555
80	50	3.76019
80	57	3.63738
80	66	4.08931
80	67	4.11956
80	84	3.80431
80	96	4.15226
80	102	4.05754
80	139	5.04967
80	150	5.46844
80	151	5.24249
80	159	5.78295
80	167	5.99689
80	174	6.22847
80	176	6.47394
80	187	4.24991
80	190	4.87769
81	3	2.7471
81	33	2.86361
81	55	3.28123
81	56	6.26871
81	62	3.10332
81	75	3.29154
81	79	3.3547
81	99	3.93479
81	100	3.95907
81	115	4.0713
81	121	4.68499
81	126	4.4817
81	132	4.63045
81	147	5.10691
81	158	5.37448
81	160	5.41418
81	169	5.68686
81	172	5.91475
81	173	5.91665
81	178	6.0608
81	179	6.08696
82	6	2.78439
82	52	2.85783
82	77	3.22503
82	91	3.60228
82	116	4.12618
82	120	4.15701
82	123	3.99229
82	131	4.27651
82	134	4.5726
82	143	4.62054
82	152	4.7593
82	156	4.92039
82	157	5.1813
82	161	5.03776
82	162	5.39933
82	166	5.20759
82	168	6.65077
82	171	5.63418
82	172	2.94754
82	182	6.12808
82	183	6.12808
83	19	2.10457
83	20	2.77621
83	40	2.84279
83	55	3.40142
83	62	3.22351
83	72	3.40446
83	75	3.41172
83	117	4.61391
83	119	4.58786
83	126	4.60189
83	132	4.75064
83	157	0.00130782
83	158	5.49467
83	160	5.53437
83	163	5.59571
83	169	5.80704
83	172	6.03494
83	173	6.03684
83	178	6.18099
83	179	6.20715
83	186	9.82276
84	17	5.68396
84	28	2.58607
84	38	2.94202
84	57	3.38621
84	71	3.58911
84	80	3.80431
84	96	3.9011
84	102	3.80638
84	108	3.99419
84	122	4.38222
84	135	4.5576
84	139	4.79851
84	140	4.88993
84	150	5.21728
84	153	5.45697
84	159	5.53179
84	164	5.82119
84	167	5.74573
84	174	5.97731
84	176	6.22277
84	187	4.05031
85	8	3.81746
85	22	3.84807
85	29	3.70228
85	37	4.09746
85	42	3.85272
85	43	3.73072
85	49	4.25303
85	54	4.29158
85	70	4.58139
85	78	4.60928
85	86	4.62749
85	87	4.57513
85	88	4.84705
85	94	4.67995
85	109	5.20921
85	112	5.23137
85	118	5.44863
85	129	5.49169
85	144	5.71616
85	157	3.09296
85	169	6.46507
86	7	3.47841
86	16	3.90557
86	22	3.80155
86	27	4.04796
86	37	4.05093
86	39	4.01666
86	42	3.8062
86	49	4.20651
86	54	4.24506
86	70	4.53486
86	78	4.56275
86	85	4.62749
86	103	5.02754
86	107	4.92528
86	112	5.18485
86	118	5.40211
86	122	3.69498
86	129	5.44517
86	144	5.66964
86	145	5.67213
86	185	5.79786
87	12	3.41295
87	16	3.85322
87	23	3.7779
87	27	3.9956
87	42	3.75384
87	43	3.63184
87	54	4.1927
87	70	4.4825
87	78	4.5104
87	85	4.57513
87	88	4.74816
87	94	4.58107
87	107	4.87292
87	109	5.11033
87	112	5.13249
87	118	5.34975
87	129	5.39281
87	142	2.87416
87	144	5.61728
87	145	5.61977
87	195	6.81664
88	8	3.99049
88	12	3.68486
88	13	1.48541
88	22	4.0211
88	23	4.04981
88	27	4.26751
88	29	3.87531
88	37	4.27049
88	39	4.23622
88	43	3.90375
88	49	4.42606
88	54	4.46461
88	78	4.78231
88	85	4.84705
88	87	4.74816
88	94	4.85298
88	109	5.38224
88	118	5.62166
88	129	5.66473
88	141	8.7206
88	144	5.88919
88	145	5.89168
89	76	2.24064
89	125	3.29753
89	126	3.45993
89	130	3.21138
89	142	3.70176
89	146	3.62531
89	150	6.29392
89	153	0.660206
89	154	3.92484
89	177	4.87836
89	180	5.01274
89	185	5.20999
89	188	5.68575
89	189	5.75187
89	190	5.58506
89	191	5.77651
89	193	5.70818
89	194	5.68186
89	196	5.85986
89	197	5.9229
89	199	5.86127
89	200	5.93444
90	6	2.93951
90	13	2.53533
90	63	3.04088
90	79	3.08503
90	96	0.247207
90	105	3.78443
90	116	4.2813
90	123	4.14741
90	127	4.54783
90	131	4.43163
90	143	4.77566
90	148	4.69278
90	156	5.07551
90	157	5.33642
90	161	5.19288
90	162	5.55445
90	166	5.36271
90	170	5.73078
90	171	5.7893
90	182	6.2832
90	183	6.2832
90	200	9.93308
91	1	2.68855
91	9	5.72267
91	36	2.77482
91	47	2.93365
91	52	3.2073
91	82	3.60228
91	93	3.66897
91	114	4.36246
91	123	4.34177
91	124	4.44552
91	131	4.62599
91	134	4.92208
91	143	4.97002
91	148	4.88714
91	156	5.26987
91	162	5.74881
91	166	5.55707
91	170	5.92514
91	171	5.98366
91	182	6.47756
91	183	6.47756
91	192	4.67103
92	9	2.56878
92	14	2.74117
92	24	2.77029
92	33	2.95028
92	40	2.80927
92	99	4.02146
92	117	4.58039
92	118	4.98188
92	119	4.55434
92	121	4.77166
92	126	4.56837
92	132	4.71712
92	147	5.19357
92	158	5.46115
92	160	5.50085
92	163	5.56219
92	169	5.77352
92	172	6.00142
92	173	6.00332
92	178	6.14747
92	179	6.17363
92	198	5.32894
93	13	2.4469
93	69	3.25809
93	77	3.29172
93	91	3.66897
93	105	3.696
93	120	4.22371
93	124	4.16274
93	128	4.45308
93	131	4.34321
93	143	4.68723
93	152	4.826
93	156	4.98708
93	157	5.24799
93	161	5.10445
93	162	5.46603
93	166	5.27428
93	170	5.64235
93	171	5.70087
93	173	1.93129
93	182	6.19477
93	183	6.19477
93	189	8.53352
94	12	3.51777
94	16	3.95803
94	23	3.88272
94	27	4.10042
94	29	3.70822
94	39	4.06912
94	43	3.73666
94	49	4.25897
94	78	4.61522
94	85	4.67995
94	87	4.58107
94	88	4.85298
94	103	5.08
94	107	4.97774
94	109	5.21515
94	112	5.23731
94	116	0.878101
94	118	5.45457
94	129	5.49763
94	144	5.7221
94	145	5.72459
94	165	9.30117
95	56	2.30718
95	100	6.74155
95	109	1.92204
95	130	3.20632
95	138	3.81123
95	141	3.53137
95	149	3.49798
95	162	2.18107
95	168	4.50194
95	175	4.96111
95	180	5.00768
95	185	5.20493
95	186	5.38947
95	187	5.68359
95	190	5.58
95	191	5.77145
95	193	5.70312
95	194	5.6768
95	196	5.8548
95	197	5.91784
95	198	5.88132
95	199	5.85621
95	200	5.92938
96	25	3.22195
96	38	3.28997
96	41	3.36427
96	48	3.32141
96	50	3.85697
96	66	4.1861
96	71	3.93706
96	80	4.15226
96	84	3.9011
96	90	0.247207
96	102	4.15433
96	122	4.73017
96	130	13.0269
96	135	4.90555
96	139	5.14646
96	140	5.23788
96	150	5.56523
96	151	5.33928
96	153	5.80492
96	164	6.16914
96	167	6.09368
96	174	6.32526
96	176	6.57072
97	3	0.401283
97	11	1.21605
97	43	7.06037
97	121	3.54653
97	130	2.96785
97	146	3.38178
97	177	4.63483
97	180	4.7692
97	184	5.04342
97	186	5.15099
97	187	5.44511
97	188	5.44221
97	189	5.50833
97	191	5.53297
97	192	5.41613
97	193	5.46465
97	194	5.43833
97	195	5.61469
97	196	5.61633
97	197	5.67936
97	198	5.64284
97	199	5.61773
97	200	5.6909
98	44	1.57235
98	76	2.14532
98	78	3.20782
98	111	2.74417
98	128	7.74718
98	136	3.48712
98	141	3.44111
98	155	4.07172
98	168	4.41167
98	180	4.91742
98	181	5.2025
98	185	5.11467
98	186	5.29921
98	187	5.59333
98	188	5.59042
98	189	5.65655
98	190	5.48974
98	193	5.61286
98	195	5.7629
98	196	5.76454
98	198	5.79105
98	199	5.76595
98	200	5.83912
99	31	3.01499
99	33	3.35941
99	40	3.2184
99	55	3.77703
99	59	3.90722
99	81	3.93479
99	92	4.02146
99	100	4.45488
99	115	4.5671
99	119	4.96347
99	121	5.1808
99	126	4.97751
99	137	1.82539e-05
99	146	4.76519
99	158	5.87028
99	160	5.90998
99	163	5.97133
99	169	6.18266
99	172	6.41056
99	173	6.41246
99	175	6.58764
99	178	6.5566
99	179	6.58276
100	2	4.34858
100	5	3.20224
100	18	2.63311
100	55	3.80132
100	62	3.62341
100	72	3.80436
100	81	3.95907
100	95	6.74155
100	99	4.45488
100	104	4.26822
100	115	4.59138
100	117	5.01381
100	119	4.98776
100	132	5.15054
100	144	0.000466961
100	147	5.62699
100	158	5.89457
100	163	5.99561
100	169	6.20694
100	172	6.43484
100	173	6.43674
100	178	6.58089
100	179	6.60705
101	45	7.01251
101	56	1.92439
101	133	2.91753
101	137	3.00739
101	138	3.42843
101	158	3.97446
101	177	4.49051
101	180	4.62488
101	181	4.90997
101	184	4.89911
101	185	4.82214
101	186	5.00667
101	188	5.29789
101	189	5.36402
101	190	5.1972
101	192	5.27182
101	193	5.32033
101	194	5.29401
101	195	5.47037
101	196	5.47201
101	197	5.53505
101	199	5.47342
101	200	5.54659
102	32	2.89267
102	45	3.20783
102	46	3.17762
102	53	3.43462
102	66	4.09138
102	74	3.82003
102	80	4.05754
102	84	3.80638
102	96	4.15433
102	120	3.2234
102	122	4.63545
102	135	4.81082
102	139	5.05174
102	140	5.14315
102	150	5.4705
102	151	5.24456
102	153	5.7102
102	159	5.78501
102	164	6.07442
102	167	5.99896
102	168	7.78005
102	174	6.23053
102	176	6.476
103	7	3.92498
103	12	3.91188
103	22	4.24812
103	23	4.27683
103	37	4.4975
103	42	4.25277
103	43	4.13077
103	49	4.65308
103	54	4.69163
103	70	4.98143
103	78	5.00933
103	86	5.02754
103	94	5.08
103	104	3.7867
103	107	5.37185
103	109	5.60926
103	112	5.63142
103	118	5.84868
103	128	3.80115
103	129	5.89174
103	132	3.214
103	144	6.11621
103	145	6.1187
104	9	2.79125
104	14	2.96364
104	19	2.29353
104	31	2.82833
104	34	3.20637
104	62	3.41246
104	100	4.26822
104	103	3.7867
104	115	4.38044
104	117	4.80286
104	119	4.77681
104	126	4.79084
104	132	4.93959
104	147	5.41605
104	158	5.68362
104	160	5.72332
104	163	5.78466
104	169	5.996
104	172	6.22389
104	173	6.2258
104	178	6.36994
104	179	6.3961
104	199	7.31784
105	51	3.25146
105	52	3.23433
105	58	3.31416
105	77	3.60154
105	90	3.78443
105	93	3.696
105	114	4.38949
105	120	4.53352
105	123	4.36879
105	124	4.47255
105	127	4.76921
105	128	4.76289
105	131	4.65302
105	148	4.91417
105	157	5.5578
105	161	5.41426
105	166	5.58409
105	170	5.95217
105	171	6.01068
105	177	6.48925
105	182	6.50458
105	183	6.50458
105	191	4.61446
106	31	0.22277
106	67	4.85846
106	125	3.24935
106	130	3.16321
106	138	3.76811
106	141	3.48826
106	146	3.57714
106	148	5.90943
106	175	4.91799
106	177	4.83019
106	181	5.24964
106	184	5.23879
106	185	5.16182
106	186	5.34635
106	188	5.63757
106	189	5.70369
106	190	5.53688
106	192	5.6115
106	193	5.66001
106	194	5.63369
106	196	5.81169
106	197	5.87473
106	199	5.8131
107	7	3.82272
107	8	4.11525
107	16	4.24989
107	22	4.14586
107	23	4.17457
107	29	4.00007
107	39	4.36097
107	42	4.15051
107	43	4.02851
107	49	4.55082
107	54	4.58937
107	61	6.32388
107	70	4.87917
107	86	4.92528
107	87	4.87292
107	94	4.97774
107	103	5.37185
107	109	5.507
107	112	5.52916
107	118	5.74642
107	129	5.78948
107	144	6.01395
107	145	6.01644
107	147	5.5098
108	25	3.31504
108	28	3.02711
108	41	3.45736
108	48	3.4145
108	53	3.62244
108	64	3.53551
108	67	4.30944
108	68	4.2494
108	74	4.00785
108	84	3.99419
108	122	4.82326
108	128	3.26788
108	135	4.99864
108	139	5.23955
108	140	5.33097
108	150	5.65832
108	151	5.43237
108	153	5.89801
108	159	5.97283
108	164	6.26223
108	167	6.18677
108	169	8.39485
108	174	6.41835
108	176	6.66382
109	7	4.06013
109	8	4.35266
109	12	4.04703
109	16	4.48729
109	29	4.23748
109	39	4.59838
109	42	4.38792
109	43	4.26592
109	49	4.78823
109	70	5.11658
109	78	5.14447
109	85	5.20921
109	87	5.11033
109	88	5.38224
109	94	5.21515
109	95	1.92204
109	103	5.60926
109	107	5.507
109	112	5.76657
109	129	6.02689
109	144	6.25136
109	145	6.25385
109	196	5.66449
109	198	4.23709
110	26	2.0125
110	115	5.4663
110	124	6.09137
110	133	3.20185
110	136	3.47891
110	137	3.29172
110	149	3.39951
110	154	3.82131
110	165	4.38373
110	168	4.40347
110	181	5.19429
110	184	5.18343
110	186	5.291
110	187	5.58512
110	188	5.58222
110	189	5.64834
110	190	5.48153
110	191	5.67298
110	192	5.55614
110	194	5.57833
110	195	5.75469
110	196	5.75633
110	198	5.78284
110	199	5.75774
111	2	1.74349
111	46	5.98405
111	98	2.74417
111	113	3.05489
111	125	3.27512
111	136	3.56004
111	138	3.79388
111	140	5.80805
111	149	3.48063
111	175	4.94376
111	181	5.27541
111	184	5.26455
111	185	5.18759
111	187	5.66624
111	188	5.66334
111	190	5.56265
111	191	5.7541
111	194	5.65946
111	195	5.83582
111	196	5.83746
111	197	5.90049
111	198	5.86397
111	199	5.83886
111	200	5.91203
112	7	4.08229
112	8	4.37482
112	12	4.06919
112	22	4.40542
112	27	4.65184
112	37	4.65481
112	39	4.62054
112	42	4.41008
112	43	4.28808
112	49	4.81039
112	70	5.13874
112	85	5.23137
112	86	5.18485
112	87	5.13249
112	94	5.23731
112	103	5.63142
112	107	5.52916
112	109	5.76657
112	129	6.04905
112	143	2.4449
112	144	6.27352
112	145	6.27601
112	156	4.61974
112	183	4.70063
113	35	1.89222
113	111	3.05489
113	120	8.89031
113	125	3.51292
113	136	3.79784
113	137	3.61064
113	141	3.75183
113	142	3.91715
113	149	3.71843
113	154	4.14024
113	164	3.46144
113	165	4.70265
113	180	5.22813
113	181	5.51321
113	186	5.60992
113	188	5.90114
113	189	5.96726
113	190	5.80045
113	191	5.9919
113	193	5.92358
113	195	6.07362
113	196	6.07526
113	197	6.13829
113	198	6.10177
113	199	6.07666
114	1	3.09926
114	6	3.54458
114	10	3.15141
114	36	3.18552
114	63	3.64594
114	69	3.95159
114	77	3.98522
114	91	4.36246
114	105	4.38949
114	120	4.9172
114	123	4.75247
114	127	5.15289
114	128	5.14657
114	131	5.0367
114	139	3.35938
114	143	5.38072
114	148	5.29785
114	156	5.68057
114	157	5.94148
114	161	5.79794
114	166	5.96777
114	170	6.33584
114	179	9.07199
114	182	6.88826
114	183	6.88826
115	9	3.11442
115	20	3.28834
115	24	3.31593
115	72	3.91658
115	75	3.92384
115	81	4.0713
115	99	4.5671
115	100	4.59138
115	104	4.38044
115	110	5.4663
115	117	5.12603
115	119	5.09998
115	126	5.11401
115	132	5.26276
115	146	2.15298
115	147	5.73922
115	158	6.00679
115	160	6.04649
115	163	6.10783
115	169	6.31917
115	172	6.54706
115	173	6.54896
115	178	6.69311
115	179	6.71927
115	190	5.06178
116	36	3.29872
116	47	3.45755
116	51	3.74833
116	52	3.73121
116	63	3.75914
116	82	4.12618
116	90	4.2813
116	94	0.878101
116	120	5.0304
116	123	4.86567
116	127	5.26609
116	128	5.25977
116	131	5.1499
116	134	5.44598
116	143	5.49392
116	148	5.41105
116	156	5.79377
116	157	6.05468
116	161	5.91114
116	162	6.27272
116	170	6.44904
116	171	6.50756
116	181	6.90174
116	182	7.00146
116	183	7.00146
116	186	5.67627
117	14	3.70923
117	18	3.16775
117	19	3.03912
117	24	3.73835
117	40	3.77733
117	45	0.0139083
117	59	4.46614
117	62	4.15805
117	72	4.339
117	83	4.61391
117	92	4.58039
117	100	5.01381
117	104	4.80286
117	115	5.12603
117	119	5.5224
117	121	5.73972
117	132	5.68518
117	158	6.42921
117	160	6.46891
117	169	6.74159
117	172	6.96948
117	173	6.97139
117	176	1.91721
117	178	7.11553
117	179	7.14169
117	192	11.4401
118	7	4.29955
118	8	4.59208
118	12	4.28645
118	16	4.72672
118	23	4.6514
118	27	4.8691
118	29	4.4769
118	37	4.87207
118	39	4.8378
118	42	4.62734
118	43	4.50534
118	54	5.0662
118	59	0.000608449
118	78	5.3839
118	85	5.44863
118	86	5.40211
118	87	5.34975
118	88	5.62166
118	92	4.98188
118	94	5.45457
118	103	5.84868
118	107	5.74642
118	129	6.26631
118	133	8.29613
118	144	6.49078
118	145	6.49327
119	5	3.71084
119	18	3.1417
119	19	3.01307
119	20	3.68471
119	24	3.7123
119	26	6.61612
119	31	3.54787
119	33	3.89229
119	34	3.92591
119	75	4.32022
119	83	4.58786
119	92	4.55434
119	99	4.96347
119	100	4.98776
119	104	4.77681
119	115	5.09998
119	117	5.5224
119	126	5.51038
119	132	5.65913
119	158	6.40316
119	160	6.44286
119	169	6.71554
119	170	7.21965
119	172	6.94344
119	173	6.94534
119	178	7.08948
119	179	7.11564
120	36	3.32955
120	62	1.9159
120	63	3.78997
120	69	4.09562
120	79	3.83412
120	82	4.15701
120	93	4.22371
120	102	3.2234
120	105	4.53352
120	113	8.89031
120	114	4.9172
120	116	5.0304
120	123	4.8965
120	127	5.29692
120	128	5.2906
120	131	5.18073
120	134	5.47681
120	143	5.52475
120	148	5.44188
120	152	5.66352
120	157	6.08551
120	162	6.30355
120	166	6.1118
120	170	6.47987
120	171	6.53839
120	182	7.03229
120	183	7.03229
121	3	3.9931
121	14	3.9005
121	18	3.35902
121	19	3.23039
121	20	3.90203
121	24	3.92962
121	55	4.52723
121	60	4.27195
121	62	4.34932
121	72	4.53027
121	75	4.53754
121	81	4.68499
121	92	4.77166
121	97	3.54653
121	99	5.1808
121	117	5.73972
121	126	5.7277
121	129	5.99858
121	147	6.35291
121	160	6.66018
121	163	6.72153
121	169	6.93286
121	172	7.16076
121	173	7.16266
121	178	7.3068
121	179	7.33296
121	193	4.49906
122	4	3.37263
122	28	3.41514
122	38	3.77109
122	41	3.8454
122	57	4.21529
122	64	3.92354
122	65	4.46376
122	66	4.66722
122	67	4.69747
122	71	4.41819
122	74	4.39588
122	84	4.38222
122	86	3.69498
122	96	4.73017
122	102	4.63545
122	108	4.82326
122	135	5.38667
122	139	5.62758
122	140	5.719
122	150	6.04635
122	153	6.28604
122	159	6.36086
122	164	6.65026
122	167	6.5748
122	174	6.80638
122	176	7.05185
122	196	10.4028
123	6	3.52388
123	47	3.32366
123	51	3.61444
123	58	3.67714
123	77	3.96452
123	82	3.99229
123	90	4.14741
123	91	4.34177
123	105	4.36879
123	114	4.75247
123	116	4.86567
123	120	4.8965
123	127	5.1322
123	128	5.12588
123	133	5.9599
123	134	5.31209
123	137	8.0726
123	143	5.36003
123	156	5.65988
123	157	5.92078
123	161	5.77725
123	162	6.13882
123	166	5.94708
123	170	6.31515
123	171	6.37367
123	182	6.86757
123	183	6.86757
124	30	3.35083
124	52	3.70107
124	58	3.78089
124	69	4.03465
124	77	4.06828
124	91	4.44552
124	93	4.16274
124	105	4.47255
124	110	6.09137
124	127	5.23595
124	128	5.22963
124	131	5.11976
124	134	5.41585
124	143	5.46378
124	148	5.38091
124	152	5.60255
124	156	5.76363
124	157	6.02454
124	161	5.881
124	162	6.24258
124	166	6.05083
124	170	6.4189
124	171	6.47742
124	182	6.97132
124	183	6.97132
124	189	6.09239
124	192	2.02658
125	59	8.06098
125	89	3.29753
125	106	3.24935
125	111	3.27512
125	113	3.51292
125	130	3.64701
125	136	4.01807
125	141	3.97206
125	142	4.13739
125	149	3.93866
125	155	4.60266
125	170	6.56138
125	175	5.40179
125	177	5.31399
125	180	5.44836
125	185	5.64562
125	186	5.83015
125	187	6.12428
125	188	6.12137
125	189	6.18749
125	190	6.02068
125	192	6.0953
125	193	6.14381
125	194	6.11749
125	195	6.29385
125	196	6.29549
125	197	6.35853
125	199	6.2969
126	1	4.21326
126	18	3.15573
126	31	3.5619
126	40	3.76531
126	59	4.45413
126	60	4.06866
126	62	4.14603
126	72	4.32698
126	81	4.4817
126	83	4.60189
126	89	3.45993
126	92	4.56837
126	99	4.97751
126	104	4.79084
126	115	5.11401
126	119	5.51038
126	121	5.7277
126	132	5.67317
126	147	6.14962
126	158	6.41719
126	160	6.45689
126	163	6.51824
126	169	6.72957
126	172	6.95747
126	173	6.95937
126	178	7.10351
126	179	7.12967
126	193	7.11474
127	10	3.53113
127	30	3.6475
127	33	0.276341
127	47	3.72408
127	51	4.01486
127	58	4.07756
127	69	4.33131
127	77	4.36494
127	90	4.54783
127	105	4.76921
127	114	5.15289
127	116	5.26609
127	120	5.29692
127	123	5.1322
127	124	5.23595
127	128	5.5263
127	148	5.67757
127	152	5.89921
127	156	6.0603
127	160	5.83394
127	161	6.17767
127	162	6.53924
127	166	6.3475
127	170	6.71557
127	171	6.77408
127	180	8.61434
127	182	7.26799
127	183	7.26799
128	1	3.47266
128	30	3.64118
128	47	3.71776
128	51	4.00854
128	52	3.99141
128	79	4.0635
128	93	4.45308
128	98	7.74718
128	103	3.80115
128	105	4.76289
128	108	3.26788
128	114	5.14657
128	116	5.25977
128	120	5.2906
128	123	5.12588
128	124	5.22963
128	127	5.5263
128	131	5.4101
128	134	5.70619
128	152	5.89289
128	156	6.05398
128	157	6.31488
128	161	6.17135
128	162	6.53292
128	166	6.34118
128	170	6.70925
128	182	7.26167
128	183	7.26167
129	7	4.34261
129	8	4.63514
129	12	4.32951
129	27	4.91216
129	29	4.51996
129	37	4.91513
129	39	4.88087
129	42	4.6704
129	43	4.5484
129	49	5.07071
129	54	5.10926
129	70	5.39906
129	78	5.42696
129	85	5.49169
129	86	5.44517
129	87	5.39281
129	88	5.66473
129	94	5.49763
129	103	5.89174
129	107	5.78948
129	109	6.02689
129	112	6.04905
129	118	6.26631
129	121	5.99858
129	134	3.20015
129	144	6.53384
129	145	6.53633
129	165	5.51688
130	8	1.78927
130	89	3.21138
130	95	3.20632
130	96	13.0269
130	97	2.96785
130	106	3.16321
130	125	3.64701
130	133	3.65486
130	146	3.9748
130	154	4.27432
130	165	4.83674
130	177	5.22784
130	180	5.36222
130	181	5.6473
130	184	5.63644
130	185	5.55947
130	186	5.74401
130	188	6.03523
130	189	6.10135
130	190	5.93454
130	191	6.12599
130	192	6.00915
130	193	6.05766
130	194	6.03135
130	195	6.2077
130	196	6.20934
130	198	6.23586
130	200	6.28392
131	1	3.36279
131	36	3.44905
131	79	3.95362
131	82	4.27651
131	90	4.43163
131	91	4.62599
131	93	4.34321
131	105	4.65302
131	114	5.0367
131	116	5.1499
131	120	5.18073
131	124	5.11976
131	128	5.4101
131	134	5.59632
131	143	5.64425
131	148	5.56138
131	152	5.78302
131	156	5.9441
131	157	6.20501
131	161	6.06147
131	162	6.42305
131	166	6.2313
131	170	6.59937
131	175	4.70834
131	182	7.15179
131	183	7.15179
131	184	8.40136
131	199	2.01776
132	5	3.87362
132	19	3.17585
132	24	3.87509
132	31	3.71065
132	33	4.05507
132	40	3.91406
132	59	4.60288
132	72	4.47573
132	81	4.63045
132	83	4.75064
132	92	4.71712
132	100	5.15054
132	103	3.214
132	104	4.93959
132	115	5.26276
132	117	5.68518
132	119	5.65913
132	126	5.67317
132	147	6.29837
132	150	5.03857
132	160	6.60564
132	163	6.66699
132	169	6.87832
132	172	7.10622
132	173	7.10812
132	178	7.25226
132	179	7.27842
132	194	6.69514
133	26	2.55951
133	101	2.91753
133	110	3.20185
133	118	8.29613
133	123	5.9599
133	130	3.65486
133	141	3.97991
133	148	1.3212
133	155	4.61051
133	165	4.93073
133	168	4.95047
133	180	5.45621
133	184	5.73044
133	185	5.65347
133	186	5.83801
133	187	6.13213
133	188	6.12922
133	189	6.19535
133	190	6.02854
133	191	6.21999
133	192	6.10315
133	193	6.15166
133	194	6.12534
133	195	6.3017
133	196	6.30334
133	197	6.36638
133	198	6.32985
133	199	6.30475
133	200	6.37792
134	1	3.65888
134	6	4.1042
134	30	3.82739
134	47	3.90397
134	53	2.59747
134	58	4.25745
134	63	4.20556
134	77	4.54483
134	79	4.24971
134	82	4.5726
134	91	4.92208
134	116	5.44598
134	120	5.47681
134	123	5.31209
134	124	5.41585
134	128	5.70619
134	129	3.20015
134	131	5.59632
134	143	5.94034
134	148	5.85747
134	152	6.07911
134	156	6.24019
134	157	6.5011
134	161	6.35756
134	166	6.52739
134	171	6.95398
134	182	7.44788
134	183	7.44788
134	199	9.89349
135	4	3.54801
135	25	3.87844
135	32	3.64389
135	38	3.94647
135	41	4.02077
